Training model...
Confusion Matrix:
[[169   7   0   0   0   0   0   0   0   0   0   0   0   0   0]
 [  1 290   0   0   0   0   0   0   0   0   0   0   0   0   0]
 [  1   0 198   0   0   0   0   0   0   0   0   0   0   0   0]
 [  3   5  35 153   1   0   1   7   0   2   0   1   0   0   0]
 [  0  10   0   0  30   0   0   0   0   0   0   0   0   0   0]
 [  0   0   0   0   0 436   0   0   0   0   0   0   0   0   0]
 [  2   0   3   0   0  14 155   0   1  14   0   7   0   0   0]
 [  2   0  11   1   0   5  28 330   0   2   0   1   0   0   0]
 [  3   1   1   1   0   2   1   4 161  15   8   1   0   0   0]
 [  0   1   3   0   0   1   0   0   0 329   2   3   0   0   0]
 [  0   1   0   0   0   0   2   0   0   0 342   6   0   0   0]
 [  0   1   0   0   0   1   1   0   0   0  18 269   0   0   0]
 [  0   0   0   0   0   1   0   0   0   0   3   3 626   0   0]
 [  0   0   0   0   0   0   0   0   0   2  21   0   0  44   0]
 [  1   0   0   0   1   6   0   2   0   0   0   0   0   0 314]]
Epoch 1/10, Train Loss: 0.3190, Train Accuracy: 89.87%, Validation Loss: 0.2137, Validation Accuracy: 93.17%, Precision: 0.94, Recall: 0.93, F1-Score: 0.93
Confusion Matrix:
[[163  12   0   0   0   0   0   0   0   0   0   0   1   0   0]
 [  1 289   0   0   0   0   1   0   0   0   0   0   0   0   0]
 [  0   0 193   4   0   0   0   0   0   2   0   0   0   0   0]
 [  0   0   0 205   0   0   0   3   0   0   0   0   0   0   0]
 [  0   1   0   2  37   0   0   0   0   0   0   0   0   0   0]
 [ 10   1   0   0   0 394   1   2   0  10   1   3  14   0   0]
 [  2   1   0   1   0   0 175   7   1   0   7   0   2   0   0]
 [  4   2   0   0   0   0   1 372   0   0   0   0   1   0   0]
 [  0   0   0   0   0   0   0   1 196   1   0   0   0   0   0]
 [  0   0   2   0   0   0   1   1   1 332   0   0   0   2   0]
 [  0   0   0   0   0   0   0   0   0   0 350   1   0   0   0]
 [ 16   0   0   2   0   0   4   0   0   5  19 244   0   0   0]
 [  0   0   0   0   0   0   0   0   0   0   1   0 632   0   0]
 [  0   0   0   0   0   0   0   0   1   0   0   0   0  66   0]
 [  0   1   0   0   0   0   0   0   0   0   3   0   0   0 320]]
Epoch 2/10, Train Loss: 0.1503, Train Accuracy: 95.22%, Validation Loss: 0.1176, Validation Accuracy: 96.12%, Precision: 0.96, Recall: 0.96, F1-Score: 0.96
Confusion Matrix:
[[176   0   0   0   0   0   0   0   0   0   0   0   0   0   0]
 [  2 288   0   0   0   0   1   0   0   0   0   0   0   0   0]
 [  4   0 191   0   0   0   2   1   0   1   0   0   0   0   0]
 [  0   0   0 186   1   0   0  21   0   0   0   0   0   0   0]
 [  0   1   0   2  37   0   0   0   0   0   0   0   0   0   0]
 [  0   0   0   0   0 426   5   0   0   0   0   1   3   0   1]
 [  0   0   0   0   0   1 183   9   0   0   0   1   2   0   0]
 [  0   0   0   0   0   0   7 373   0   0   0   0   0   0   0]
 [  0   0   0   0   0   0   4   4 190   0   0   0   0   0   0]
 [  0   0   0   0   0   1   0   1   0 336   0   0   0   1   0]
 [  0   0   0   0   0   0   2   0   0   0 340   8   1   0   0]
 [  0   0   0   0   0   0   9   0   0   3   0 275   0   0   3]
 [  0   0   0   0   0   0   0   0   0   0   0   0 633   0   0]
 [  0   0   0   0   0   0   0   0   1   0   0   0   0  66   0]
 [  1   0   0   0   0   0   0   0   0   0   0   0   0   0 323]]
Epoch 3/10, Train Loss: 0.1168, Train Accuracy: 96.14%, Validation Loss: 0.0817, Validation Accuracy: 97.46%, Precision: 0.98, Recall: 0.97, F1-Score: 0.97
Confusion Matrix:
[[166   3   1   0   0   0   0   0   0   0   0   6   0   0   0]
 [  1 284   0   0   3   0   0   1   0   0   0   2   0   0   0]
 [  0   0 199   0   0   0   0   0   0   0   0   0   0   0   0]
 [  0   0   1 203   0   0   0   4   0   0   0   0   0   0   0]
 [  0   0   0   0  40   0   0   0   0   0   0   0   0   0   0]
 [  0   0   2   0   0 421   0   0   0   0   0  13   0   0   0]
 [  0   0   4   1   0   4 178   6   0   0   1   2   0   0   0]
 [  0   0   1   5   0   0   4 369   0   0   0   1   0   0   0]
 [  0   0   0   0   0   0   1   0 197   0   0   0   0   0   0]
 [  0   0  11   1   0   1   7   2   0 315   0   2   0   0   0]
 [  0   0   0   0   0   0   0   0   0   0 286  65   0   0   0]
 [  0   0   0   0   0   0   0   0   0   0   0 290   0   0   0]
 [  0   4   0   0   0   1   0   1   0   0   5   4 618   0   0]
 [  0   0   0   0   0   0   2   0   0   0  11   1   0  52   1]
 [  0   1   0   0   0   0   0   0   0   0   0   2   0   0 321]]
Epoch 4/10, Train Loss: 0.1071, Train Accuracy: 96.61%, Validation Loss: 0.1593, Validation Accuracy: 95.42%, Precision: 0.96, Recall: 0.95, F1-Score: 0.95
Confusion Matrix:
[[174   0   1   0   0   0   0   1   0   0   0   0   0   0   0]
 [  2 289   0   0   0   0   0   0   0   0   0   0   0   0   0]
 [  0   0 199   0   0   0   0   0   0   0   0   0   0   0   0]
 [  0   0   2 195   2   0   0   9   0   0   0   0   0   0   0]
 [  0   1   0   0  39   0   0   0   0   0   0   0   0   0   0]
 [  0   1   0   0   0 434   0   0   0   0   0   0   0   0   1]
 [  0   0   7   0   0   3 178   2   1   2   1   0   1   0   1]
 [  0   0   2   0   0   0   7 370   0   0   0   0   0   0   1]
 [  0   0   0   0   0   1   0   0 195   0   2   0   0   0   0]
 [  0   0   6   0   0   1   1   2   0 328   0   0   0   0   1]
 [  0   1   0   0   0   0   0   0   0   1 349   0   0   0   0]
 [  0   0   2   0   0   4   4   0   0   6  21 250   0   0   3]
 [  0   0   0   0   0   2   0   0   1   0   2   0 628   0   0]
 [  0   0   0   0   0   0   0   0   0   0   1   0   0  66   0]
 [  0   0   0   0   0   0   0   1   0   0   0   0   0   0 323]]
Epoch 5/10, Train Loss: 0.0923, Train Accuracy: 97.17%, Validation Loss: 0.0869, Validation Accuracy: 97.31%, Precision: 0.97, Recall: 0.97, F1-Score: 0.97
Confusion Matrix:
[[166   4   1   0   0   1   0   0   0   1   0   3   0   0   0]
 [  0 290   0   0   0   0   1   0   0   0   0   0   0   0   0]
 [  0   0 199   0   0   0   0   0   0   0   0   0   0   0   0]
 [  0   0   1 193   5   0   0   9   0   0   0   0   0   0   0]
 [  0   0   0   0  40   0   0   0   0   0   0   0   0   0   0]
 [  0   0   0   0   0 429   0   0   0   2   0   5   0   0   0]
 [  1   0   0   4   0   5 160  15   0   1   2   6   2   0   0]
 [  0   0   0   2   0   0   0 376   0   0   1   1   0   0   0]
 [  0   0   0   0   0   0   1   0 187   1   8   0   1   0   0]
 [  0   0   7   1   1   0   1   5   1 294  13  15   0   1   0]
 [  0   0   0   0   0   0   0   0   0   0 351   0   0   0   0]
 [  0   0   0   0   3   0   0   0   0   0  29 258   0   0   0]
 [  0   0   0   0   0   0   0   0   0   0  15   0 618   0   0]
 [  0   0   0   0   0   0   0   1   0   0   5   0   0  61   0]
 [  1   0   0   0   0   0   0   0   0   0   1   0   0   0 322]]
Epoch 6/10, Train Loss: 0.0761, Train Accuracy: 97.47%, Validation Loss: 0.1574, Validation Accuracy: 95.54%, Precision: 0.96, Recall: 0.96, F1-Score: 0.96
Confusion Matrix:
[[173   1   0   0   0   0   0   0   0   0   0   2   0   0   0]
 [  1 290   0   0   0   0   0   0   0   0   0   0   0   0   0]
 [  0   0 198   0   0   0   0   1   0   0   0   0   0   0   0]
 [  0   0   0 193   0   0   0  15   0   0   0   0   0   0   0]
 [  0   3   0   0  37   0   0   0   0   0   0   0   0   0   0]
 [  0   0   0   0   0 418   0   2   0   3   0  11   2   0   0]
 [  0   0   1   0   0   4 141  38   1   7   1   2   1   0   0]
 [  0   0   0   0   0   0   0 380   0   0   0   0   0   0   0]
 [  0   0   0   0   0   0   0   4 192   1   0   0   1   0   0]
 [  0   0   0   0   0   0   0   7   0 332   0   0   0   0   0]
 [  0   0   0   0   0   0   0   1   0   0 312  26  12   0   0]
 [  0   0   0   0   0   0   0   0   0   1   0 289   0   0   0]
 [  0   0   0   0   0   0   0   0   0   0   0   0 633   0   0]
 [  0   0   0   0   0   0   0   0   0   0   0   0   0  67   0]
 [  0   1   0   0   0   0   0   0   0   0   0   0   0   0 323]]
Epoch 7/10, Train Loss: 0.0727, Train Accuracy: 97.61%, Validation Loss: 0.1296, Validation Accuracy: 96.37%, Precision: 0.97, Recall: 0.96, F1-Score: 0.96
Confusion Matrix:
[[169   1   0   0   0   0   0   0   2   3   0   1   0   0   0]
 [  1 287   0   0   2   0   0   0   1   0   0   0   0   0   0]
 [  0   0 198   0   0   0   0   0   1   0   0   0   0   0   0]
 [  0   0   0 208   0   0   0   0   0   0   0   0   0   0   0]
 [  0   0   0   1  39   0   0   0   0   0   0   0   0   0   0]
 [  0   0   0   0   0 430   0   0   0   0   0   4   2   0   0]
 [  0   0   1   5   0   1 183   1   1   1   0   3   0   0   0]
 [  0   1   1  29   0   0   8 340   0   0   1   0   0   0   0]
 [  0   0   0   0   0   0   0   0 198   0   0   0   0   0   0]
 [  0   0   0   1   0   0   0   0  10 325   1   1   0   1   0]
 [  0   0   0   0   0   0   0   0   0   0 347   4   0   0   0]
 [  0   0   0   0   0   0   1   0   1   0   3 285   0   0   0]
 [  1   0   0   0   0   0   0   0   0   0   1   1 630   0   0]
 [  0   0   0   0   0   0   0   0   1   0   0   0   0  66   0]
 [  1   0   0   0   0   0   0   0   0   0   0   4   0   0 319]]
Epoch 8/10, Train Loss: 0.0695, Train Accuracy: 97.79%, Validation Loss: 0.0913, Validation Accuracy: 97.48%, Precision: 0.98, Recall: 0.97, F1-Score: 0.97
Confusion Matrix:
[[171   4   0   0   0   0   0   0   0   0   0   1   0   0   0]
 [  1 290   0   0   0   0   0   0   0   0   0   0   0   0   0]
 [  0   0 193   0   0   0   0   0   0   6   0   0   0   0   0]
 [  0   0   0 203   2   0   0   3   0   0   0   0   0   0   0]
 [  0   1   0   0  39   0   0   0   0   0   0   0   0   0   0]
 [  0   0   0   0   0 428   0   0   0   0   0   7   1   0   0]
 [  0   0   0   0   0   2 174   3   0  16   0   1   0   0   0]
 [  0   1   0   3   0   0   1 360   0  11   0   0   3   0   1]
 [  0   0   0   0   0   0   0   1 191   4   0   0   1   1   0]
 [  0   0   0   0   0   0   0   0   0 339   0   0   0   0   0]
 [  0   0   0   0   0   0   0   0   0   0 349   2   0   0   0]
 [  0   0   0   0   0   0   0   0   0   1   3 286   0   0   0]
 [  0   0   0   0   0   1   0   0   0   0   0   0 632   0   0]
 [  0   0   0   0   0   0   0   0   0   0   0   0   0  67   0]
 [  1   0   0   0   0   0   0   0   1   0   0   0   0   0 322]]
Epoch 9/10, Train Loss: 0.0608, Train Accuracy: 98.03%, Validation Loss: 0.0686, Validation Accuracy: 97.97%, Precision: 0.98, Recall: 0.98, F1-Score: 0.98
Confusion Matrix:
[[171   1   0   0   0   0   0   0   2   1   0   1   0   0   0]
 [  0 288   0   0   0   0   0   0   0   0   0   0   3   0   0]
 [  0   0 198   1   0   0   0   0   0   0   0   0   0   0   0]
 [  0   0   0 202   0   0   0   5   0   0   0   0   0   1   0]
 [  0   1   0   0  39   0   0   0   0   0   0   0   0   0   0]
 [  0   0   0   0   0 432   0   0   0   0   0   0   4   0   0]
 [  0   0   0   0   0   5 160  10   3  10   0   0   8   0   0]
 [  0   0   0   1   0   4   2 362   4   5   0   2   0   0   0]
 [  0   0   0   0   0   0   0   0 197   0   0   0   1   0   0]
 [  0   0   0   0   0   2   0   0   1 336   0   0   0   0   0]
 [  0   0   0   0   0   0   1   0   8   5 320  16   0   1   0]
 [  0   0   0   0   0   0   1   0   1   2   1 285   0   0   0]
 [  0   0   0   0   0   1   0   1   0   0   0   0 631   0   0]
 [  0   0   0   0   0   0   0   0   0   1   0   0   2  64   0]
 [  0   1   0   0   0   1   0   1   1   1   0  10   0   1 308]]
Epoch 10/10, Train Loss: 0.0692, Train Accuracy: 97.78%, Validation Loss: 0.1096, Validation Accuracy: 96.73%, Precision: 0.97, Recall: 0.97, F1-Score: 0.97
Model saved as plant_disease_model.pth