Confusion Matrix:
[[187   1   0   1   0   0   0   0   0   2   0   0   0   0   0]
 [  1 313   0   0   0   0   0   0   0   0   0   0   0   0   0]
 [  0   0  81  90   0   0  26  12   0   1   0   0   0   0   0]
 [  0   0   0 191   0   0   0   0   0   0   0   0   0   0   0]
 [  0   0   0  13  19   0   0   0   0   0   0   0   0   0   0]
 [ 29   0   0   0   0 359  12   2   0   3   1   1  19   0   0]
 [  2   0   0   1   0   2 107  69   0   1   3  13   1   0   0]
 [  0   0   0   2   0   0   0 375   0   3   0   0   0   0   0]
 [  0   1   0   0   0   0   0  17 162   0   3   0   0   0   0]
 [  1   0   0   2   0   0   4   3   2 285   7  44   0   0   0]
 [  0   0   0   0   0   0   0   0   0   0 326   0   1   0   0]
 [  0   0   0   0   0   7   0   1   0   0  19 264   0   0   0]
 [  0   0   0   0   0   0   0   0   0   0   6   0 652   0   0]
 [  0   0   0   0   0   0   0   0   0   0   0   0   0  67   0]
 [  0   0   0   0   0   0   3   0   0   0   1   0   0   0 307]]
Epoch 1/10, Train Loss: 0.3190, Train Accuracy: 89.60%, Validation Loss: 0.3753, Validation Accuracy: 89.51%, Precision: 0.91, Recall: 0.90, F1-Score: 0.89
Confusion Matrix:
[[190   1   0   0   0   0   0   0   0   0   0   0   0   0   0]
 [  0 314   0   0   0   0   0   0   0   0   0   0   0   0   0]
 [  0   0 209   1   0   0   0   0   0   0   0   0   0   0   0]
 [  0   0   1 180   7   0   0   3   0   0   0   0   0   0   0]
 [  0   0   0   0  32   0   0   0   0   0   0   0   0   0   0]
 [  0   0   0   0   0 412   0   0   0   0   0   5   9   0   0]
 [  0   0   0   0   0   9 179   1   2   6   0   2   0   0   0]
 [  0   0   0   8   0   0  11 359   2   0   0   0   0   0   0]
 [  0   0   0   0   0   0   0   0 182   1   0   0   0   0   0]
 [  0   0   2   0   0   0   0   1   0 343   0   1   1   0   0]
 [  0   0   0   0   0   0   0   0   1   0 324   0   1   0   1]
 [  0   0   0   0   0   0   0   0   1   3   3 277   2   0   5]
 [  0   0   0   0   0   0   0   0   1   0   0   0 657   0   0]
 [  0   0   0   0   0   0   0   0   1   0   0   0   0  66   0]
 [  0   0   0   0   0   0   0   0   0   0   0   0   0   0 311]]
Epoch 2/10, Train Loss: 0.1699, Train Accuracy: 94.52%, Validation Loss: 0.0700, Validation Accuracy: 97.75%, Precision: 0.98, Recall: 0.98, F1-Score: 0.98
Confusion Matrix:
[[191   0   0   0   0   0   0   0   0   0   0   0   0   0   0]
 [  1 312   0   0   0   0   0   0   0   0   1   0   0   0   0]
 [  0   0 208   0   0   0   1   0   0   1   0   0   0   0   0]
 [  0   0   1 175   1   0   0  14   0   0   0   0   0   0   0]
 [  0   0   0   0  32   0   0   0   0   0   0   0   0   0   0]
 [  0   0   0   0   0 418   2   3   0   0   0   3   0   0   0]
 [  2   0   0   0   0   1 173  18   0   4   1   0   0   0   0]
 [  0   0   0   0   0   0   5 375   0   0   0   0   0   0   0]
 [  0   0   0   0   0   0   0   0 181   1   1   0   0   0   0]
 [  0   0   0   0   0   2   0   4   0 341   0   1   0   0   0]
 [  0   0   0   0   0   0   0   0   0   0 327   0   0   0   0]
 [  0   0   0   0   0   0   1   0   0   0  26 264   0   0   0]
 [  1   0   0   0   0  18   0   1   0   0  45   0 593   0   0]
 [  0   0   0   0   0   0   0   0   1   0   0   0   0  66   0]
 [  0   0   0   0   0   0   0   0   0   0   1   0   0   0 310]]
Epoch 3/10, Train Loss: 0.1149, Train Accuracy: 96.23%, Validation Loss: 0.1183, Validation Accuracy: 96.08%, Precision: 0.96, Recall: 0.96, F1-Score: 0.96
Confusion Matrix:
[[187   3   1   0   0   0   0   0   0   0   0   0   0   0   0]
 [  0 314   0   0   0   0   0   0   0   0   0   0   0   0   0]
 [  0   0 207   0   0   0   3   0   0   0   0   0   0   0   0]
 [  0   0   2 175   0   0   1  12   0   0   0   1   0   0   0]
 [  0   6   0   1  24   0   0   0   0   0   1   0   0   0   0]
 [  0   0   0   0   0 419   4   0   0   0   0   2   1   0   0]
 [  0   0   0   0   0   0 197   2   0   0   0   0   0   0   0]
 [  0   2   0   0   0   1   9 366   1   1   0   0   0   0   0]
 [  0   0   0   0   0   0   0   0 178   0   4   1   0   0   0]
 [  0   0   7   0   0   1   5   3   0 331   1   0   0   0   0]
 [  0   0   0   0   0   0   2   0   0   0 324   1   0   0   0]
 [  0   0   0   0   0   0   7   0   0   3   5 270   0   0   6]
 [  3   1   0   0   0   5   2   0   0   0   1   0 646   0   0]
 [  0   0   0   0   0   0   0   0   0   0   0   0   0  67   0]
 [  0   0   0   0   0   0   0   0   0   0   0   0   0   0 311]]
Epoch 4/10, Train Loss: 0.0969, Train Accuracy: 96.73%, Validation Loss: 0.0755, Validation Accuracy: 97.29%, Precision: 0.97, Recall: 0.97, F1-Score: 0.97
Confusion Matrix:
[[191   0   0   0   0   0   0   0   0   0   0   0   0   0   0]
 [  0 314   0   0   0   0   0   0   0   0   0   0   0   0   0]
 [  0   0 210   0   0   0   0   0   0   0   0   0   0   0   0]
 [  0   0   1 185   1   0   0   4   0   0   0   0   0   0   0]
 [  0   0   0   0  32   0   0   0   0   0   0   0   0   0   0]
 [  0   0   0   0   0 425   1   0   0   0   0   0   0   0   0]
 [  0   0   0   0   0   3 191   4   0   1   0   0   0   0   0]
 [  0   0   0   0   0   2   4 372   0   1   0   0   0   0   1]
 [  0   0   0   0   0   0   0   1 181   0   1   0   0   0   0]
 [  0   0   0   0   0   0   3   0   0 345   0   0   0   0   0]
 [  0   0   0   0   0   0   0   0   0   0 319   5   2   0   1]
 [  0   0   0   0   0   5   0   0   0   0   2 282   0   0   2]
 [  0   0   0   0   0   9   0   0   0   0   1   0 648   0   0]
 [  0   0   0   0   0   0   0   0   0   0   0   0   0  67   0]
 [  0   0   0   0   0   0   0   0   0   0   0   0   0   0 311]]
Epoch 5/10, Train Loss: 0.0922, Train Accuracy: 97.00%, Validation Loss: 0.0443, Validation Accuracy: 98.67%, Precision: 0.99, Recall: 0.99, F1-Score: 0.99
Confusion Matrix:
[[190   0   0   0   0   0   0   0   0   1   0   0   0   0   0]
 [  0 314   0   0   0   0   0   0   0   0   0   0   0   0   0]
 [  0   0 210   0   0   0   0   0   0   0   0   0   0   0   0]
 [  0   0   4 184   0   0   1   1   0   1   0   0   0   0   0]
 [  0   2   0   0  30   0   0   0   0   0   0   0   0   0   0]
 [  0   0   0   0   0 422   4   0   0   0   0   0   0   0   0]
 [  1   0   0   0   0   1 194   0   0   3   0   0   0   0   0]
 [  0   0   2   3   0   3  11 359   0   2   0   0   0   0   0]
 [  0   0   0   0   0   0   0   1 181   1   0   0   0   0   0]
 [  0   0   0   0   0   7   2   0   0 336   0   3   0   0   0]
 [  0   0   0   0   0   0   0   0   0   1 314   3   9   0   0]
 [  0   0   0   0   0   6   0   0   1   1   3 279   0   0   1]
 [  0   0   0   0   0   3   0   1   0   0   0   0 654   0   0]
 [  0   0   0   0   0   0   0   0   2   1   0   0   0  64   0]
 [  0   0   0   0   0   0   0   0   0   0   0   0   0   0 311]]
Epoch 6/10, Train Loss: 0.0713, Train Accuracy: 97.68%, Validation Loss: 0.0634, Validation Accuracy: 97.92%, Precision: 0.98, Recall: 0.98, F1-Score: 0.98
Confusion Matrix:
[[180   0   0   0   0   0  10   1   0   0   0   0   0   0   0]
 [  0 312   0   0   0   0   0   2   0   0   0   0   0   0   0]
 [  0   0 116   0   0   0  93   1   0   0   0   0   0   0   0]
 [  0   0   0 154   0   0   2  35   0   0   0   0   0   0   0]
 [  0   5   0   6  20   0   0   0   0   0   0   1   0   0   0]
 [  0   0   0   0   0 422   2   2   0   0   0   0   0   0   0]
 [  0   0   0   0   0   2 196   0   0   0   0   1   0   0   0]
 [  0   0   0   0   0   0   6 373   0   0   0   0   0   0   1]
 [  0   0   0   0   0   0   0   4 177   0   0   0   2   0   0]
 [  0   0   0   2   0  11  38  13   9 269   0   0   0   6   0]
 [  0   0   0   0   0   0   0   2   4   0 318   1   2   0   0]
 [  0   0   0   0   0   1   1   0   0   0   0 287   1   0   1]
 [  0   0   0   0   0   1   0   0   1   0   0   0 656   0   0]
 [  0   0   0   0   0   0   0   0   1   0   2   0   0  64   0]
 [  0   0   0   0   0   0   0   0   0   0   0   0   0   0 311]]
Epoch 7/10, Train Loss: 0.0655, Train Accuracy: 97.94%, Validation Loss: 0.2561, Validation Accuracy: 93.39%, Precision: 0.95, Recall: 0.93, F1-Score: 0.93
Confusion Matrix:
[[185   6   0   0   0   0   0   0   0   0   0   0   0   0   0]
 [  0 314   0   0   0   0   0   0   0   0   0   0   0   0   0]
 [  0   0 210   0   0   0   0   0   0   0   0   0   0   0   0]
 [  0   1   2 184   2   0   1   0   0   0   0   1   0   0   0]
 [  0   0   0   0  31   0   0   0   0   0   0   1   0   0   0]
 [  2   0   0   0   0 412   1   0   0   1   0  10   0   0   0]
 [  0   0   6   0   0   2 184   0   0   6   0   1   0   0   0]
 [  0   7   2  15   0   0   4 347   1   2   0   2   0   0   0]
 [  0   1   0   0   0   1   2   0 172   0   5   2   0   0   0]
 [  6   0   1   0   0   0   4   0   0 324   1   9   0   3   0]
 [  0   0   0   0   0   0   0   0   0   0 315  12   0   0   0]
 [  0   0   0   0   0   0   1   0   0   0   0 289   0   1   0]
 [  0   1   0   0   0   4   1   0   0   0   4   0 648   0   0]
 [  0   0   0   0   0   0   0   0   0   0   0   0   0  67   0]
 [  0   0   0   0   0   0   0   0   0   0   0   1   0   0 310]]
Epoch 8/10, Train Loss: 0.0887, Train Accuracy: 97.09%, Validation Loss: 0.0988, Validation Accuracy: 96.71%, Precision: 0.97, Recall: 0.97, F1-Score: 0.97
Confusion Matrix:
[[189   0   0   0   0   0   0   0   0   2   0   0   0   0   0]
 [  0 314   0   0   0   0   0   0   0   0   0   0   0   0   0]
 [  0   0 124   0   0   2  10   6   0  56   0   3   0   0   9]
 [  0   0   1 181   1   0   0   7   0   0   0   1   0   0   0]
 [  0   0   0   0  32   0   0   0   0   0   0   0   0   0   0]
 [  0   0   0   0   0 426   0   0   0   0   0   0   0   0   0]
 [  1   2   0   0   0   6 179   1   5   4   0   0   0   1   0]
 [  0   0   0   1   0   0   2 377   0   0   0   0   0   0   0]
 [  0   0   0   0   0   0   0   0 183   0   0   0   0   0   0]
 [  0   0   0   0   0   4   0   0   1 343   0   0   0   0   0]
 [  0   0   0   0   0   0   0   0   0   0 325   1   1   0   0]
 [  0   1   0   0   0   2   1   0   0   1   4 279   3   0   0]
 [  1   0   0   0   0   9   0   1   0   0   6   0 641   0   0]
 [  0   0   0   0   0   0   0   0   4   0   2   0   0  61   0]
 [  0   0   0   0   0   0   0   0   1   0   0   0   0   0 310]]
Epoch 9/10, Train Loss: 0.0671, Train Accuracy: 97.78%, Validation Loss: 0.1440, Validation Accuracy: 96.03%, Precision: 0.96, Recall: 0.96, F1-Score: 0.96
Confusion Matrix:
[[188   0   0   0   0   0   0   0   0   3   0   0   0   0   0]
 [  3 308   0   0   0   0   0   2   1   0   0   0   0   0   0]
 [  0   0 209   0   0   0   0   0   0   1   0   0   0   0   0]
 [  0   0   0 189   1   0   0   1   0   0   0   0   0   0   0]
 [  0   0   0   0  31   0   0   0   0   0   1   0   0   0   0]
 [  0   0   0   0   0 420   0   1   0   1   0   1   3   0   0]
 [  0   0   0   1   0   4 173   6   0   4   2   9   0   0   0]
 [  0   0   0   4   0   0   5 370   0   0   0   0   1   0   0]
 [  0   0   0   0   0   0   0   0 181   0   1   0   0   0   1]
 [  0   0   0   0   0   3   0   0   0 342   0   3   0   0   0]
 [  1   0   0   0   0   0   0   0   0   0 325   0   1   0   0]
 [  0   0   0   0   1   2   0   0   0   0   7 281   0   0   0]
 [  0   0   0   0   0   0   0   0   0   0   1   0 657   0   0]
 [  0   0   0   0   0   0   0   0   0   0   0   0   0  67   0]
 [  0   0   0   0   0   0   0   0   0   0   0   0   0   0 311]]
Epoch 10/10, Train Loss: 0.0595, Train Accuracy: 98.12%, Validation Loss: 0.0458, Validation Accuracy: 98.16%, Precision: 0.98, Recall: 0.98, F1-Score: 0.98